12	127	1
12	26	1
12	4	1
12	91	1
12	100	1
12	19	1
12	107	1
12	13	1
12	21	1
12	81	1
12	105	1
12	117	1
12	90	1
12	63	1
127	18	1
127	119	1
127	62	1
127	117	1
127	55	1
127	97	1
127	77	1
127	100	1
127	45	1
127	59	1
127	115	1
127	106	1
127	114	1
26	105	1
26	13	1
26	17	1
26	65	1
26	77	1
26	4	1
26	115	1
26	34	1
26	32	1
26	119	1
26	46	1
26	10	1
26	16	1
4	105	1
4	81	1
4	118	1
4	55	1
4	79	1
4	77	1
4	59	1
4	18	1
4	45	1
4	104	1
4	19	1
4	91	1
4	21	1
4	115	1
4	34	1
4	20	1
4	89	1
91	105	1
91	5	1
91	107	1
91	123	1
91	118	1
91	13	1
91	79	1
91	97	1
91	18	1
91	45	1
91	17	1
91	32	1
91	20	1
91	104	1
91	34	1
91	100	1
91	44	1
100	105	1
100	117	1
100	5	1
100	62	1
100	107	1
100	13	1
100	112	1
100	79	1
100	86	1
100	59	1
100	65	1
100	21	1
100	98	1
100	32	1
100	115	1
100	104	1
100	122	1
100	9	1
100	121	1
19	77	1
19	59	1
19	97	1
19	40	1
19	98	1
107	5	1
107	95	1
107	123	1
107	115	1
107	98	1
107	32	1
107	97	1
107	34	1
107	77	1
107	80	1
107	104	1
107	59	1
107	21	1
107	17	1
107	45	1
107	99	1
107	14	1
107	60	1
107	103	1
107	46	1
13	111	1
13	116	1
13	105	1
13	117	1
13	62	1
13	123	1
13	81	1
13	79	1
13	119	1
13	17	1
13	20	1
13	115	1
13	45	1
13	55	1
13	97	1
13	32	1
13	24	1
13	16	1
13	103	1
13	6	1
21	118	1
21	53	1
21	112	1
21	79	1
21	2	1
21	119	1
21	109	1
21	18	1
21	34	1
21	104	1
21	35	1
21	80	1
21	98	1
21	17	1
81	105	1
81	62	1
81	118	1
81	18	1
81	97	1
81	59	1
81	20	1
81	45	1
81	44	1
81	49	1
81	27	1
105	117	1
105	77	1
105	98	1
105	55	1
105	34	1
105	119	1
105	80	1
105	118	1
105	67	1
105	89	1
105	60	1
105	76	1
105	16	1
117	55	1
117	123	1
117	45	1
117	15	1
117	79	1
117	32	1
117	53	1
117	59	1
117	97	1
117	20	1
117	112	1
117	114	1
117	6	1
117	85	1
90	29	1
90	93	1
90	28	1
90	86	1
90	24	1
90	89	1
90	106	1
90	30	1
90	11	1
90	61	1
90	0	1
90	115	1
90	104	1
63	110	1
63	111	1
63	39	1
63	101	1
63	10	1
63	108	1
63	125	1
63	54	1
63	121	1
63	50	1
63	96	1
63	57	1
63	73	1
18	110	1
18	5	1
18	118	1
18	53	1
18	10	1
18	59	1
18	60	1
18	98	1
18	34	1
18	115	1
18	65	1
18	80	1
18	17	1
18	68	1
18	122	1
119	62	1
119	37	1
119	77	1
119	59	1
119	97	1
119	67	1
119	64	1
119	113	1
62	5	1
62	98	1
62	32	1
62	77	1
62	115	1
62	97	1
62	112	1
62	104	1
62	53	1
62	45	1
62	17	1
62	54	1
62	47	1
62	99	1
62	69	1
55	31	1
55	23	1
55	112	1
55	32	1
55	98	1
55	97	1
55	79	1
55	65	1
55	17	1
55	45	1
55	108	1
55	27	1
55	33	1
55	49	1
97	5	1
97	123	1
97	118	1
97	83	1
97	53	1
97	93	1
97	79	1
97	59	1
97	20	1
97	34	1
97	80	1
97	98	1
97	102	1
77	5	1
77	123	1
77	79	1
77	45	1
77	115	1
77	32	1
77	15	1
77	17	1
77	80	1
77	30	1
77	61	1
45	5	1
45	123	1
45	118	1
45	53	1
45	112	1
45	79	1
45	59	1
45	17	1
45	32	1
45	80	1
45	54	1
59	5	1
59	123	1
59	53	1
59	79	1
59	17	1
59	44	1
59	68	1
59	11	1
115	83	1
115	94	1
115	80	1
115	15	1
115	98	1
115	89	1
115	96	1
106	29	1
106	83	1
106	93	1
106	25	1
106	2	1
106	65	1
106	14	1
106	125	1
106	24	1
106	7	1
106	58	1
106	46	1
106	72	1
106	11	1
106	89	1
106	27	1
106	61	1
106	75	1
114	79	1
114	86	1
114	76	1
114	99	1
114	33	1
114	87	1
114	52	1
114	78	1
114	0	1
114	61	1
114	16	1
114	44	1
114	122	1
114	80	1
29	31	1
29	28	1
29	11	1
29	124	1
29	102	1
29	27	1
29	83	1
29	46	1
29	58	1
29	125	1
29	47	1
29	30	1
29	89	1
29	2	1
29	103	1
31	43	1
31	74	1
31	2	1
31	82	1
31	7	1
31	42	1
31	51	1
31	69	1
31	58	1
31	46	1
31	14	1
31	47	1
31	83	1
31	49	1
31	121	1
31	111	1
31	98	1
28	116	1
28	112	1
28	93	1
28	47	1
28	2	1
28	82	1
28	41	1
28	7	1
28	124	1
28	42	1
28	30	1
28	50	1
11	38	1
11	5	1
11	120	1
11	51	1
11	83	1
11	43	1
11	124	1
11	41	1
11	24	1
11	58	1
11	42	1
11	89	1
11	122	1
124	43	1
124	93	1
124	47	1
124	25	1
124	2	1
124	86	1
124	72	1
124	41	1
124	69	1
124	14	1
124	102	1
124	30	1
124	122	1
124	27	1
102	123	1
102	83	1
102	69	1
102	14	1
102	58	1
102	42	1
102	74	1
102	72	1
102	27	1
27	51	1
27	83	1
27	43	1
27	47	1
27	41	1
27	69	1
27	24	1
27	58	1
27	42	1
27	72	1
27	7	1
27	64	1
83	38	1
83	51	1
83	14	1
83	42	1
83	89	1
83	58	1
83	47	1
83	52	1
83	98	1
46	120	1
46	43	1
46	93	1
46	86	1
46	48	1
46	41	1
46	125	1
46	30	1
46	121	1
46	42	1
46	82	1
46	72	1
46	7	1
58	51	1
58	43	1
58	47	1
58	2	1
58	86	1
58	69	1
58	125	1
58	30	1
58	122	1
58	70	1
125	51	1
125	93	1
125	47	1
125	2	1
125	41	1
125	69	1
125	14	1
125	42	1
125	89	1
125	75	1
47	51	1
47	43	1
47	93	1
47	42	1
47	14	1
47	89	1
47	61	1
30	51	1
30	2	1
30	86	1
30	14	1
30	24	1
30	74	1
30	34	1
30	15	1
89	43	1
89	93	1
89	2	1
89	14	1
89	42	1
89	7	1
89	82	1
2	51	1
2	25	1
2	14	1
2	41	1
2	7	1
2	42	1
103	111	1
103	88	1
103	116	1
103	49	1
103	48	1
103	40	1
103	66	1
103	8	1
103	67	1
103	85	1
103	36	1
103	57	1
103	64	1
103	68	1
103	35	1
103	61	1
43	37	1
43	53	1
43	93	1
43	69	1
43	42	1
43	122	1
43	82	1
43	7	1
43	86	1
43	72	1
43	41	1
43	24	1
43	78	1
43	6	1
43	36	1
43	52	1
43	49	1
74	51	1
74	93	1
74	86	1
74	41	1
74	22	1
74	72	1
82	116	1
82	51	1
82	93	1
82	113	1
82	41	1
82	69	1
82	14	1
82	42	1
82	72	1
82	7	1
7	51	1
7	93	1
7	41	1
7	69	1
7	42	1
7	72	1
7	98	1
42	116	1
42	120	1
42	51	1
42	93	1
42	48	1
42	24	1
42	52	1
42	122	1
51	93	1
51	14	1
51	69	1
51	61	1
69	5	1
69	86	1
69	109	1
69	41	1
14	93	1
14	72	1
49	37	1
49	25	1
49	61	1
49	99	1
49	87	1
49	76	1
49	48	1
49	109	1
49	92	1
49	9	1
49	60	1
49	73	1
121	95	1
121	126	1
121	120	1
121	25	1
121	76	1
121	60	1
121	109	1
121	78	1
121	0	1
121	1	1
111	23	1
111	96	1
111	50	1
111	56	1
111	75	1
111	88	1
111	116	1
111	66	1
111	39	1
111	68	1
111	8	1
111	6	1
111	16	1
111	37	1
98	118	1
98	53	1
98	79	1
98	34	1
98	104	1
98	32	1
3	110	1
3	10	1
3	39	1
3	68	1
3	64	1
3	23	1
3	67	1
3	116	1
3	57	1
3	38	1
3	104	1
3	123	1
3	92	1
3	5	1
110	101	1
110	10	1
110	36	1
110	39	1
110	70	1
110	64	1
110	23	1
110	6	1
110	40	1
110	75	1
110	84	1
110	108	1
110	22	1
110	66	1
110	80	1
110	25	1
110	32	1
110	126	1
10	23	1
10	38	1
10	116	1
10	101	1
10	108	1
10	40	1
10	22	1
10	6	1
10	66	1
10	70	1
10	67	1
10	64	1
10	36	1
10	84	1
10	8	1
10	85	1
10	76	1
39	88	1
39	116	1
39	85	1
39	67	1
39	75	1
39	22	1
39	71	1
39	101	1
39	35	1
39	6	1
39	40	1
39	32	1
68	23	1
68	88	1
68	60	1
68	108	1
68	22	1
68	6	1
68	8	1
68	50	1
68	85	1
68	35	1
68	71	1
68	75	1
68	57	1
68	64	1
68	80	1
64	88	1
64	109	1
64	108	1
64	6	1
64	66	1
64	67	1
64	36	1
64	85	1
64	56	1
64	96	1
64	61	1
23	54	1
23	75	1
23	67	1
23	85	1
23	70	1
23	88	1
23	56	1
23	38	1
23	50	1
23	8	1
23	78	1
67	101	1
67	54	1
67	22	1
67	40	1
67	66	1
67	8	1
67	84	1
67	70	1
67	16	1
116	38	1
116	22	1
116	96	1
116	70	1
116	108	1
116	36	1
116	40	1
116	6	1
116	122	1
57	88	1
57	126	1
57	118	1
57	108	1
57	50	1
57	75	1
57	56	1
57	0	1
38	88	1
38	36	1
38	6	1
38	70	1
38	35	1
38	84	1
38	101	1
38	5	1
104	118	1
104	53	1
104	112	1
104	109	1
104	20	1
104	80	1
104	17	1
123	118	1
123	32	1
123	17	1
123	112	1
123	24	1
123	92	1
123	93	1
92	37	1
92	94	1
92	76	1
92	99	1
92	9	1
92	16	1
92	33	1
92	109	1
92	113	1
92	78	1
92	61	1
92	54	1
5	15	1
5	65	1
101	75	1
101	70	1
101	35	1
101	6	1
101	54	1
101	108	1
101	66	1
101	71	1
101	96	1
36	88	1
36	54	1
36	22	1
36	70	1
36	85	1
36	35	1
36	72	1
70	88	1
70	120	1
70	33	1
70	108	1
70	87	1
70	40	1
70	66	1
70	50	1
70	96	1
70	75	1
70	35	1
6	108	1
6	54	1
6	22	1
6	40	1
6	66	1
6	35	1
6	56	1
6	8	1
40	113	1
40	108	1
40	22	1
40	85	1
40	8	1
40	84	1
40	35	1
40	66	1
40	96	1
40	71	1
75	54	1
75	22	1
75	44	1
75	56	1
84	76	1
84	41	1
84	54	1
84	66	1
84	85	1
84	35	1
84	71	1
108	88	1
108	120	1
108	8	1
108	96	1
22	88	1
22	71	1
22	35	1
22	56	1
66	56	1
66	96	1
66	35	1
66	85	1
66	8	1
80	37	1
80	53	1
80	112	1
80	34	1
80	17	1
80	32	1
80	15	1
25	37	1
25	120	1
25	94	1
25	44	1
25	73	1
25	9	1
25	41	1
32	53	1
32	79	1
32	99	1
32	65	1
32	17	1
126	95	1
126	33	1
126	78	1
126	16	1
126	76	1
126	94	1
126	9	1
126	1	1
126	73	1
126	99	1
126	86	1
126	122	1
54	88	1
54	113	1
54	50	1
85	88	1
85	35	1
88	8	1
88	37	1
56	71	1
50	8	1
50	96	1
8	96	1
8	35	1
8	71	1
8	1	1
78	60	1
78	109	1
78	87	1
78	44	1
78	16	1
78	1	1
96	35	1
16	37	1
16	109	1
16	113	1
16	33	1
16	87	1
16	44	1
16	61	1
16	73	1
37	120	1
37	99	1
37	9	1
37	109	1
37	33	1
37	94	1
37	113	1
37	52	1
37	87	1
37	60	1
37	48	1
37	44	1
35	44	1
122	118	1
122	86	1
122	60	1
122	24	1
34	118	1
34	79	1
34	65	1
34	17	1
34	15	1
118	17	1
118	20	1
118	120	1
60	120	1
60	94	1
60	76	1
60	99	1
60	87	1
60	9	1
60	109	1
60	73	1
60	1	1
76	95	1
76	33	1
76	1	1
76	44	1
76	52	1
76	9	1
76	99	1
76	73	1
76	61	1
76	15	1
15	53	1
15	112	1
79	65	1
79	17	1
79	0	1
79	61	1
53	112	1
53	17	1
20	112	1
20	99	1
20	17	1
112	72	1
65	94	1
65	17	1
65	72	1
99	95	1
99	120	1
99	48	1
99	109	1
99	44	1
95	48	1
95	44	1
95	1	1
95	109	1
95	61	1
95	87	1
95	113	1
48	109	1
48	87	1
48	0	1
48	33	1
48	73	1
44	94	1
44	109	1
44	87	1
44	9	1
44	0	1
1	120	1
1	113	1
1	52	1
1	9	1
1	0	1
109	120	1
109	113	1
61	113	1
87	120	1
87	113	1
87	73	1
113	120	1
33	94	1
33	0	1
94	120	1
94	93	1
94	0	1
9	120	1
9	52	1
9	73	1
86	93	1
86	0	1
24	72	1
93	41	1
52	0	1
72	41	1
