1	[0, 1, 2, 3, 4, 5, 6, 7, 8, 9, 10, 11, 12, 13, 14, 15, 16, 17, 18, 19, 20, 21, 22, 23, 24, 25, 26, 27, 28, 29, 30, 31, 32, 33, 34, 35, 36, 37, 38, 39, 40, 41, 42, 43, 44, 45, 46, 47, 48, 49, 50, 51, 52, 53, 54, 55, 56, 57, 58, 59, 60, 61, 62, 63, 64, 65, 66, 67, 68, 69, 70, 71, 72, 73, 74, 75, 76, 77, 78, 79, 80, 81, 82, 83, 84, 85, 86, 87, 88, 89, 90, 91, 92, 93, 94, 95, 96, 97, 98, 99, 100, 101, 102, 103, 104, 105, 106, 107, 108, 109, 110, 111, 112, 113, 114, 115, 116, 117, 118, 119, 120, 121, 122, 123, 124, 125, 126, 127]
2	[0, 1, 2, 3, 4, 6, 7, 9, 11, 13, 14, 15, 16, 17, 18, 19, 20, 21, 22, 23, 24, 25, 26, 27, 28, 29, 30, 31, 32, 34, 35, 36, 37, 39, 40, 41, 42, 43, 44, 45, 46, 47, 48, 49, 50, 51, 52, 53, 54, 55, 56, 57, 58, 60, 61, 62, 63, 64, 65, 66, 67, 68, 69, 70, 71, 72, 73, 74, 75, 76, 77, 78, 79, 80, 82, 83, 84, 85, 86, 87, 88, 89, 90, 91, 92, 93, 94, 96, 97, 98, 100, 101, 102, 103, 104, 105, 106, 107, 108, 109, 110, 111, 112, 113, 114, 115, 116, 118, 120, 121, 122, 123, 124, 125, 126]
6	[0, 1, 3, 4, 6, 7, 8, 9, 10, 11, 13, 14, 15, 16, 17, 18, 19, 20, 21, 22, 23, 24, 25, 26, 27, 28, 29, 31, 32, 33, 34, 35, 36, 37, 38, 39, 40, 41, 42, 43, 44, 45, 46, 47, 48, 49, 50, 51, 52, 53, 54, 55, 56, 57, 58, 59, 60, 61, 62, 63, 64, 65, 66, 67, 68, 69, 70, 71, 72, 73, 74, 75, 76, 77, 78, 79, 80, 82, 83, 84, 85, 86, 87, 88, 89, 90, 91, 92, 93, 94, 95, 96, 97, 98, 99, 100, 101, 102, 103, 104, 105, 106, 107, 108, 109, 110, 111, 112, 113, 114, 115, 116, 117, 118, 119, 120, 121, 122, 123, 124, 125, 126]
7	[3, 4, 6, 8, 10, 13, 15, 16, 17, 18, 19, 20, 21, 22, 23, 26, 32, 34, 35, 36, 38, 39, 40, 45, 50, 53, 54, 55, 56, 57, 61, 62, 63, 64, 65, 66, 67, 68, 70, 71, 75, 76, 77, 79, 80, 84, 85, 88, 91, 96, 97, 98, 100, 101, 103, 104, 105, 107, 108, 109, 110, 111, 112, 115, 116, 118, 119, 123]
11	[0, 1, 2, 3, 4, 6, 7, 8, 9, 10, 11, 13, 14, 15, 16, 17, 18, 19, 20, 21, 22, 24, 25, 26, 27, 28, 29, 30, 31, 32, 33, 34, 35, 36, 37, 38, 39, 40, 41, 42, 43, 44, 45, 46, 47, 48, 49, 50, 51, 52, 53, 54, 55, 56, 57, 58, 60, 61, 62, 63, 64, 65, 66, 67, 68, 69, 70, 71, 72, 73, 74, 75, 76, 77, 78, 79, 80, 82, 83, 84, 85, 86, 87, 88, 89, 90, 91, 92, 93, 94, 95, 96, 97, 98, 99, 100, 101, 102, 103, 104, 105, 106, 107, 108, 109, 110, 112, 113, 114, 115, 116, 117, 118, 120, 121, 122, 123, 124, 125, 126]
13	[3, 92, 123]
15	[0, 1, 2, 3, 4, 6, 7, 8, 9, 10, 11, 13, 14, 15, 16, 17, 18, 19, 20, 21, 22, 24, 25, 26, 27, 28, 29, 30, 31, 32, 33, 34, 35, 36, 37, 38, 39, 40, 41, 42, 43, 44, 45, 46, 47, 48, 49, 50, 51, 52, 53, 54, 55, 56, 57, 58, 60, 61, 62, 63, 64, 65, 66, 67, 68, 69, 70, 71, 72, 73, 74, 75, 76, 77, 78, 79, 80, 82, 83, 84, 85, 86, 87, 88, 89, 90, 91, 92, 93, 94, 95, 96, 97, 98, 99, 100, 101, 102, 103, 104, 105, 106, 107, 108, 109, 110, 112, 113, 114, 115, 116, 117, 118, 119, 120, 121, 122, 123, 124, 125, 126]
18	[3, 6, 8, 10, 13, 22, 23, 35, 36, 38, 39, 40, 50, 54, 56, 57, 61, 63, 64, 66, 67, 68, 70, 71, 75, 84, 85, 88, 96, 101, 103, 108, 110, 111, 116, 119]
19	[0, 1, 2, 3, 4, 5, 6, 7, 8, 9, 10, 11, 12, 13, 14, 15, 16, 17, 18, 19, 20, 21, 22, 23, 24, 26, 27, 28, 29, 30, 31, 32, 33, 34, 35, 36, 37, 38, 39, 40, 41, 42, 43, 44, 45, 46, 47, 48, 49, 50, 51, 52, 53, 54, 55, 56, 57, 58, 59, 60, 61, 62, 63, 64, 65, 66, 67, 68, 69, 70, 71, 72, 73, 74, 75, 76, 77, 78, 79, 80, 81, 82, 83, 84, 85, 86, 87, 88, 89, 90, 91, 92, 93, 94, 95, 96, 97, 98, 99, 100, 101, 102, 103, 104, 105, 106, 107, 108, 109, 110, 111, 112, 113, 114, 115, 116, 117, 118, 119, 120, 121, 122, 123, 124, 125, 126, 127]
21	[0, 1, 2, 3, 4, 5, 6, 7, 8, 9, 10, 11, 12, 13, 14, 15, 16, 17, 18, 19, 20, 21, 22, 23, 24, 26, 27, 28, 29, 30, 31, 32, 34, 35, 36, 37, 38, 39, 40, 41, 42, 43, 44, 45, 46, 47, 48, 49, 50, 51, 52, 53, 54, 55, 56, 57, 58, 59, 60, 61, 62, 63, 64, 65, 66, 67, 68, 69, 70, 71, 72, 73, 74, 75, 76, 77, 78, 79, 80, 81, 82, 83, 84, 85, 86, 87, 88, 89, 90, 91, 92, 93, 94, 96, 97, 98, 99, 100, 101, 102, 103, 104, 105, 106, 107, 108, 109, 110, 111, 112, 113, 114, 115, 116, 117, 118, 119, 120, 121, 122, 123, 124, 125, 126, 127]
22	[4, 5, 7, 11, 12, 13, 14, 15, 17, 18, 19, 20, 21, 24, 26, 27, 28, 29, 30, 31, 32, 34, 36, 41, 42, 43, 45, 46, 47, 51, 53, 54, 55, 58, 59, 62, 65, 68, 69, 72, 74, 77, 79, 80, 82, 83, 86, 89, 90, 91, 93, 97, 98, 100, 102, 104, 105, 106, 107, 109, 110, 112, 115, 116, 117, 118, 122, 123, 124, 127]
23	[0, 1, 2, 3, 6, 7, 9, 11, 14, 16, 22, 23, 24, 25, 27, 28, 29, 30, 31, 35, 36, 37, 39, 40, 41, 42, 43, 44, 46, 47, 48, 49, 50, 51, 52, 54, 55, 56, 57, 58, 60, 61, 63, 64, 65, 66, 68, 69, 70, 71, 72, 73, 74, 75, 76, 78, 82, 83, 84, 85, 86, 87, 88, 89, 90, 92, 93, 94, 96, 98, 100, 101, 102, 103, 106, 108, 109, 111, 113, 114, 115, 116, 120, 121, 122, 124, 125, 126]
25	[0, 1, 2, 7, 11, 14, 16, 24, 25, 27, 28, 29, 30, 31, 36, 41, 42, 43, 44, 46, 47, 48, 51, 52, 58, 61, 65, 69, 72, 74, 75, 82, 83, 86, 89, 90, 93, 98, 100, 102, 106, 114, 115, 116, 120, 121, 122, 124, 125]
27	[3, 4, 6, 8, 10, 13, 15, 16, 17, 18, 19, 20, 21, 22, 23, 26, 32, 34, 35, 36, 38, 39, 40, 44, 45, 50, 53, 54, 55, 56, 57, 61, 62, 63, 64, 65, 66, 67, 68, 70, 71, 73, 75, 76, 77, 79, 80, 84, 85, 87, 88, 91, 96, 97, 98, 100, 101, 103, 104, 105, 107, 108, 109, 110, 111, 112, 115, 116, 118, 119, 120, 123]
29	[0, 1, 3, 6, 7, 8, 9, 10, 11, 16, 22, 24, 25, 27, 29, 31, 33, 35, 36, 37, 39, 40, 41, 42, 43, 44, 46, 47, 48, 49, 50, 51, 52, 54, 56, 57, 58, 60, 61, 63, 64, 66, 68, 69, 70, 71, 72, 73, 74, 75, 76, 78, 79, 82, 83, 84, 85, 86, 87, 88, 89, 90, 92, 93, 94, 95, 96, 98, 99, 100, 101, 102, 103, 106, 108, 109, 113, 114, 116, 120, 121, 122, 124, 126]
30	[0, 1, 2, 7, 11, 14, 16, 24, 27, 28, 29, 30, 31, 36, 41, 42, 43, 44, 46, 47, 48, 51, 52, 58, 61, 65, 69, 72, 74, 75, 82, 83, 86, 89, 90, 93, 98, 100, 102, 106, 114, 115, 116, 120, 121, 122, 124, 125]
31	[0, 1, 2, 7, 11, 14, 24, 27, 28, 29, 30, 31, 36, 41, 42, 43, 46, 47, 48, 51, 52, 58, 61, 65, 69, 72, 74, 75, 82, 83, 86, 89, 90, 93, 98, 100, 102, 106, 115, 116, 120, 121, 122, 124, 125]
33	[4, 5, 7, 11, 12, 13, 14, 15, 17, 18, 19, 20, 21, 24, 26, 27, 28, 29, 30, 31, 32, 34, 36, 41, 42, 43, 45, 46, 51, 53, 54, 55, 58, 59, 62, 65, 68, 69, 72, 74, 77, 79, 80, 82, 83, 89, 90, 91, 93, 97, 98, 100, 102, 104, 105, 106, 107, 109, 110, 112, 115, 117, 118, 122, 123, 124, 127]
35	[0, 1, 7, 9, 11, 16, 27, 41, 42, 43, 44, 46, 49, 51, 52, 60, 69, 72, 73, 76, 78, 82, 87, 89, 95, 102, 106, 109, 120, 121, 122, 126]
36	[4, 13, 15, 17, 18, 19, 20, 21, 26, 32, 34, 45, 53, 55, 62, 65, 68, 77, 79, 80, 89, 91, 97, 98, 100, 104, 105, 107, 109, 110, 112, 115, 118, 123, 127]
38	[0, 9, 16, 37, 44, 61, 73, 78, 87, 95, 109, 114]
39	[0, 1, 9, 16, 33, 37, 44, 52, 61, 73, 78, 87, 92, 109, 114, 121, 126]
40	[2, 7, 11, 14, 24, 27, 28, 29, 31, 36, 41, 42, 43, 46, 47, 51, 58, 61, 69, 72, 74, 82, 83, 89, 90, 93, 98, 102, 106, 115, 120, 122, 124]
41	[7, 11, 24, 27, 29, 30, 42, 43, 46, 58, 69, 72, 74, 83, 86, 89, 102, 122, 124]
42	[3, 6, 8, 10, 22, 23, 35, 36, 38, 39, 40, 50, 56, 57, 61, 63, 64, 66, 67, 68, 70, 71, 75, 84, 85, 88, 96, 101, 103, 108, 110, 111, 116, 119]
43	[3, 6, 8, 22, 35, 36, 39, 40, 50, 56, 57, 61, 63, 64, 66, 68, 70, 71, 75, 84, 85, 88, 96, 103, 108]
44	[6, 8, 22, 23, 35, 40, 50, 56, 57, 63, 64, 66, 67, 68, 70, 71, 75, 84, 85, 96, 101, 108, 111]
45	[8, 35, 50, 57, 63, 70, 96, 111]
46	[3, 6, 8, 10, 22, 23, 35, 36, 38, 39, 40, 50, 56, 57, 61, 63, 64, 66, 67, 68, 70, 71, 75, 84, 85, 88, 96, 101, 103, 108, 110]
47	[56, 57, 68, 75]
48	[13, 15, 17, 18, 20, 21, 26, 32, 34, 45, 53, 55, 62, 65, 77, 79, 80, 91, 98, 104, 107, 110, 112, 123]
49	[22, 56, 71]
50	[64, 66, 96, 108]
