5	[6]
23	[24]
28	[29]
38	[39, 40]
43	[44]
47	[48]
49	[50]
55	[56, 57]
58	[59]
68	[69]
81	[82]
99	[100]
124	[125]
131	[132]
133	[134, 135]
139	[140]
143	[144]
147	[148]
163	[164, 165]
166	[167]
168	[169]
179	[180]
182	[183]
197	[198]
204	[205, 206]
211	[212]
213	[214]
217	[218]
220	[221]
227	[228]
233	[234]
261	[262]
293	[294]
299	[300]
307	[308]
323	[324]
336	[337]
346	[347, 348]
349	[350, 351, 352]
357	[358, 359]
362	[363]
373	[374]
375	[376]
381	[382]
408	[409]
411	[412]
417	[418]
430	[431, 432]
433	[434]
442	[443]
450	[451]
461	[462]
463	[464]
468	[469]
476	[477]
483	[484]
487	[488]
491	[492]
493	[494]
526	[527]
533	[534]
547	[548]
556	[557]
565	[566, 567]
574	[575]
576	[577]
594	[595]
605	[606]
610	[611]
612	[613]
614	[615]
616	[617]
622	[623]
628	[629]
639	[640]
643	[644]
652	[653]
654	[655]
673	[674]
678	[679, 680]
699	[700]
701	[702]
708	[709]
718	[719]
720	[721]
726	[727, 728]
744	[745]
747	[748]
752	[753]
768	[769]
780	[781, 782]
813	[814]
822	[823]
830	[831]
835	[836]
839	[840]
851	[852]
853	[854]
857	[858]
876	[877]
886	[887]
889	[890]
895	[896]
921	[922]
923	[924]
927	[928]
932	[933]
938	[939]
949	[950]
961	[962]
965	[966, 967]
968	[969]
976	[977]
986	[987]
988	[989]
993	[994, 995]
1001	[1002]
632	[1011, 1073]
1012	[1013]
1021	[1022]
1023	[1024]
1043	[1044, 1045]
1049	[1050]
1059	[1060]
1063	[1064]
1083	[1084]
1090	[1091]
1099	[1100, 1101]
1110	[1111]
1115	[1116]
1117	[1118]
1120	[1121]
1123	[1124]
1130	[1131]
1133	[1134, 1135]
1139	[1140]
1147	[1148]
1158	[1159]
1160	[1161]
1186	[1187]
1207	[1208, 1209]
1211	[1212]
1218	[1219]
1220	[1221]
1253	[1254]
1255	[1256]
1273	[1274]
1282	[1283, 1284]
1288	[1289]
1293	[1294]
1296	[1297]
1303	[1304]
1311	[1312]
1317	[1318]
1333	[1334]
1351	[1352]
1354	[1355]
1360	[1361]
1389	[1390]
1393	[1394]
1403	[1404]
1407	[1408]
1409	[1410]
1427	[1428]
1430	[1431]
1444	[1445, 1446]
1457	[1458]
1462	[1463]
1471	[1472]
1485	[1486]
1487	[1488]
1516	[1517, 1518, 1519]
1520	[1521]
1524	[1525]
1529	[1530]
1532	[1533]
1539	[1540, 1541]
1544	[1545, 1546]
1557	[1558, 1559]
1580	[1581]
1585	[1586]
1588	[1589]
1590	[1591]
1605	[1606]
1608	[1609]
1634	[1635]
1641	[1642]
1644	[1645, 1646]
1650	[1651]
1655	[1656]
1660	[1661]
1662	[1663]
1684	[1685]
1707	[1708, 1709]
1721	[1722]
1725	[1726]
1730	[1731]
1732	[1733]
1735	[1736]
1760	[1761]
1764	[1765]
1788	[1789, 1790]
1819	[1820]
1821	[1822]
1829	[1830]
1838	[1839]
1842	[1843]
1845	[1846]
1850	[1851]
1871	[1872]
1873	[1874]
1899	[1900]
1908	[1909]
1918	[1919]
1922	[1923, 1924]
1935	[1936]
1937	[1938]
1942	[1943]
1945	[1946]
1965	[1966]
1972	[1973]
1974	[1975]
1979	[1980, 1981]
1984	[1985]
2001	[2002]
2016	[2017]
2052	[2053]
2062	[2063]
2070	[2071, 2072, 2073, 2074, 2075, 2076, 2077]
2081	[2082]
2083	[2084, 2085, 2086]
2100	[2101]
2113	[2114]
2126	[2127]
2130	[2131]
2132	[2133]
2134	[2135]
2139	[2140]
2147	[2148]
2149	[2150]
2173	[2174]
2185	[2186]
2187	[2188]
2189	[2190, 2191]
2196	[2197]
2198	[2199, 2200]
2202	[2203, 2204]
2219	[2220]
2250	[2251]
2267	[2268]
2270	[2271]
2288	[2289]
2293	[2294, 2295]
2297	[2298]
2308	[2309, 2310]
2327	[2328]
2369	[2370]
2375	[2376, 2377]
2387	[2388]
2407	[2408]
2414	[2415, 2416]
2430	[2431]
2435	[2436]
2438	[2439]
2441	[2442]
2466	[2467]
2487	[2488]
2503	[2504]
2525	[2526]
2541	[2542]
2554	[2555, 2556]
2560	[2561]
2567	[2568]
2572	[2573]
2581	[2582]
2601	[2602]
2607	[2608]
2609	[2610]
2620	[2621, 2622]
2624	[2625]
2636	[2637]
2649	[2650]
2652	[2653]
2662	[2663]
2670	[2671]
2673	[2674]
2678	[2679]
2692	[2693]
2695	[2696]
2700	[2701, 2702, 2703]
2708	[2709, 2710]
2712	[2713, 2714, 2715]
2716	[2717]
2719	[2720]
2731	[2732, 2733]
2736	[2737, 2738]
2748	[2749]
2750	[2751]
2752	[2753]
2759	[2760]
2762	[2763]
2768	[2769, 2770]
2779	[2780]
2783	[2784]
2786	[2787, 2788]
2793	[2794]
2801	[2802]
2807	[2808, 2809]
2814	[2815]
2822	[2823]
2854	[2855]
2856	[2857]
2873	[2874, 2875, 2876]
2886	[2887, 2888]
2896	[2897]
2898	[2899, 2900]
2901	[2902]
2908	[2909]
2913	[2914]
2918	[2919, 2920, 2921]
2927	[2928]
2935	[2936]
2952	[2953]
2965	[2966]
2977	[2978]
2986	[2987]
2999	[3000, 3001, 3002]
3007	[3008]
3015	[3016, 3017]
3025	[3026]
3027	[3028]
3029	[3030]
3070	[3071]
3076	[3077]
3107	[3108]
3148	[3149]
3154	[3155, 3156]
3160	[3161]
3167	[3168]
3183	[3184]
3193	[3194, 3195]
3196	[3197]
3199	[3200]
3203	[3204, 3205]
3216	[3217]
3219	[3220]
3235	[3236, 3237]
3245	[3246]
3257	[3258]
3259	[3260]
3268	[3269]
3281	[3282]
3289	[3290]
3301	[3302]
3304	[3305]
3311	[3312]
3314	[3315]
3327	[3328]
3335	[3336]
3345	[3346, 3347, 3348, 3349]
3354	[3355]
3357	[3358]
3364	[3365]
3385	[3386]
3395	[3396]
3413	[3414]
3417	[3418]
3426	[3427]
3431	[3432]
3434	[3435]
3436	[3437]
3451	[3452]
3454	[3455, 3456]
3464	[3465]
3474	[3475]
3486	[3487]
3491	[3492]
3499	[3500]
3505	[3506, 3507]
3509	[3510]
3512	[3513]
3522	[3523]
3528	[3529]
3531	[3532]
3542	[3543]
3544	[3545]
3550	[3551]
3597	[3598]
3602	[3603]
3613	[3614]
3638	[3639]
3645	[3646]
3655	[3656]
3658	[3659]
3663	[3664]
3688	[3689]
3693	[3694]
3700	[3701]
3712	[3713]
3720	[3721]
3722	[3723]
3735	[3736]
3752	[3753]
3765	[3766]
3785	[3786]
3809	[3810, 3811]
3814	[3815]
3838	[3839]
3890	[3891]
3898	[3899]
3905	[3906]
3917	[3918]
3923	[3924, 3925]
3944	[3945]
3947	[3948]
3951	[3952]
3961	[3962]
3982	[3983]
4018	[4019]
4024	[4025]
4048	[4049]
4050	[4051]
4073	[4074]
4082	[4083]
4114	[4115]
4126	[4127]
4137	[4138]
4142	[4143]
4171	[4172]
4187	[4188]
4193	[4194]
4198	[4199, 4200]
4214	[4215]
4255	[4256]
4277	[4278, 4279, 4280]
4282	[4283]
4295	[4296]
4298	[4299]
4388	[4389]
4397	[4398]
4400	[4401]
4422	[4423]
4435	[4436]
4441	[4442]
4448	[4449]
4459	[4460]
4487	[4488]
4501	[4502]
4506	[4507]
4509	[4510]
4514	[4515]
4517	[4518]
4526	[4527]
4617	[4618]
4642	[4643]
4650	[4651, 4652]
4676	[4677]
4680	[4681]
4693	[4694]
4758	[4759, 4760]
4775	[4776]
4781	[4782]
4788	[4789]
4817	[4818]
4826	[4827]
4832	[4833]
4841	[4842]
4843	[4844]
4847	[4848]
4855	[4856]
4862	[4863]
4888	[4889]
4898	[4899]
4903	[4904]
4923	[4924]
4935	[4936]
4968	[4969]
4978	[4979]
4999	[5000]
5010	[5011]
5018	[5019]
5037	[5038]
5042	[5043]
5050	[5051, 5052]
5064	[5065]
5080	[5081]
5086	[5087]
5106	[5107]
5186	[5187]
5203	[5204]
5214	[5215]
5264	[5265, 5266]
5270	[5271]
5281	[5282]
5294	[5295]
5323	[5324]
5342	[5343, 5344]
